{
 "cells": [
  {
   "cell_type": "markdown",
   "metadata": {},
   "source": [
    "#read crude oil data and trunct to two years"
   ]
  },
  {
   "cell_type": "code",
   "execution_count": 1,
   "metadata": {},
   "outputs": [],
   "source": [
    "import pandas as pd\n",
    "import numpy as np\n",
    "import matplotlib.pyplot as plt"
   ]
  },
  {
   "cell_type": "code",
   "execution_count": 2,
   "metadata": {},
   "outputs": [
    {
     "data": {
      "text/html": [
       "<div>\n",
       "<style scoped>\n",
       "    .dataframe tbody tr th:only-of-type {\n",
       "        vertical-align: middle;\n",
       "    }\n",
       "\n",
       "    .dataframe tbody tr th {\n",
       "        vertical-align: top;\n",
       "    }\n",
       "\n",
       "    .dataframe thead th {\n",
       "        text-align: right;\n",
       "    }\n",
       "</style>\n",
       "<table border=\"1\" class=\"dataframe\">\n",
       "  <thead>\n",
       "    <tr style=\"text-align: right;\">\n",
       "      <th></th>\n",
       "      <th>Date</th>\n",
       "      <th>Open</th>\n",
       "      <th>High</th>\n",
       "      <th>Low</th>\n",
       "      <th>Close</th>\n",
       "      <th>Adj Close</th>\n",
       "      <th>Volume</th>\n",
       "    </tr>\n",
       "  </thead>\n",
       "  <tbody>\n",
       "    <tr>\n",
       "      <th>0</th>\n",
       "      <td>9/17/2018</td>\n",
       "      <td>68.930000</td>\n",
       "      <td>69.720001</td>\n",
       "      <td>68.529999</td>\n",
       "      <td>68.910004</td>\n",
       "      <td>68.910004</td>\n",
       "      <td>422294.0</td>\n",
       "    </tr>\n",
       "    <tr>\n",
       "      <th>1</th>\n",
       "      <td>9/18/2018</td>\n",
       "      <td>68.800003</td>\n",
       "      <td>70.419998</td>\n",
       "      <td>68.529999</td>\n",
       "      <td>69.849998</td>\n",
       "      <td>69.849998</td>\n",
       "      <td>234202.0</td>\n",
       "    </tr>\n",
       "    <tr>\n",
       "      <th>2</th>\n",
       "      <td>9/19/2018</td>\n",
       "      <td>69.709999</td>\n",
       "      <td>71.500000</td>\n",
       "      <td>69.650002</td>\n",
       "      <td>71.120003</td>\n",
       "      <td>71.120003</td>\n",
       "      <td>125208.0</td>\n",
       "    </tr>\n",
       "    <tr>\n",
       "      <th>3</th>\n",
       "      <td>9/20/2018</td>\n",
       "      <td>71.389999</td>\n",
       "      <td>71.809998</td>\n",
       "      <td>70.730003</td>\n",
       "      <td>70.800003</td>\n",
       "      <td>70.800003</td>\n",
       "      <td>607520.0</td>\n",
       "    </tr>\n",
       "    <tr>\n",
       "      <th>4</th>\n",
       "      <td>9/21/2018</td>\n",
       "      <td>70.199997</td>\n",
       "      <td>71.800003</td>\n",
       "      <td>69.980003</td>\n",
       "      <td>70.779999</td>\n",
       "      <td>70.779999</td>\n",
       "      <td>855943.0</td>\n",
       "    </tr>\n",
       "  </tbody>\n",
       "</table>\n",
       "</div>"
      ],
      "text/plain": [
       "        Date       Open       High        Low      Close  Adj Close    Volume\n",
       "0  9/17/2018  68.930000  69.720001  68.529999  68.910004  68.910004  422294.0\n",
       "1  9/18/2018  68.800003  70.419998  68.529999  69.849998  69.849998  234202.0\n",
       "2  9/19/2018  69.709999  71.500000  69.650002  71.120003  71.120003  125208.0\n",
       "3  9/20/2018  71.389999  71.809998  70.730003  70.800003  70.800003  607520.0\n",
       "4  9/21/2018  70.199997  71.800003  69.980003  70.779999  70.779999  855943.0"
      ]
     },
     "execution_count": 2,
     "metadata": {},
     "output_type": "execute_result"
    }
   ],
   "source": [
    "df_original=pd.read_csv(\"C:\\\\Users\\\\mohua\\\\OneDrive\\\\Documents\\\\XOM stock\\\\crude1.csv\")\n",
    "df_original.head()"
   ]
  },
  {
   "cell_type": "code",
   "execution_count": 3,
   "metadata": {},
   "outputs": [
    {
     "data": {
      "text/html": [
       "<div>\n",
       "<style scoped>\n",
       "    .dataframe tbody tr th:only-of-type {\n",
       "        vertical-align: middle;\n",
       "    }\n",
       "\n",
       "    .dataframe tbody tr th {\n",
       "        vertical-align: top;\n",
       "    }\n",
       "\n",
       "    .dataframe thead th {\n",
       "        text-align: right;\n",
       "    }\n",
       "</style>\n",
       "<table border=\"1\" class=\"dataframe\">\n",
       "  <thead>\n",
       "    <tr style=\"text-align: right;\">\n",
       "      <th></th>\n",
       "      <th>Date</th>\n",
       "      <th>Open</th>\n",
       "      <th>High</th>\n",
       "      <th>Low</th>\n",
       "      <th>Close</th>\n",
       "      <th>Adj Close</th>\n",
       "      <th>Volume</th>\n",
       "    </tr>\n",
       "  </thead>\n",
       "  <tbody>\n",
       "    <tr>\n",
       "      <th>0</th>\n",
       "      <td>2018-09-17</td>\n",
       "      <td>68.930000</td>\n",
       "      <td>69.720001</td>\n",
       "      <td>68.529999</td>\n",
       "      <td>68.910004</td>\n",
       "      <td>68.910004</td>\n",
       "      <td>422294.0</td>\n",
       "    </tr>\n",
       "    <tr>\n",
       "      <th>1</th>\n",
       "      <td>2018-09-18</td>\n",
       "      <td>68.800003</td>\n",
       "      <td>70.419998</td>\n",
       "      <td>68.529999</td>\n",
       "      <td>69.849998</td>\n",
       "      <td>69.849998</td>\n",
       "      <td>234202.0</td>\n",
       "    </tr>\n",
       "    <tr>\n",
       "      <th>2</th>\n",
       "      <td>2018-09-19</td>\n",
       "      <td>69.709999</td>\n",
       "      <td>71.500000</td>\n",
       "      <td>69.650002</td>\n",
       "      <td>71.120003</td>\n",
       "      <td>71.120003</td>\n",
       "      <td>125208.0</td>\n",
       "    </tr>\n",
       "    <tr>\n",
       "      <th>3</th>\n",
       "      <td>2018-09-20</td>\n",
       "      <td>71.389999</td>\n",
       "      <td>71.809998</td>\n",
       "      <td>70.730003</td>\n",
       "      <td>70.800003</td>\n",
       "      <td>70.800003</td>\n",
       "      <td>607520.0</td>\n",
       "    </tr>\n",
       "    <tr>\n",
       "      <th>4</th>\n",
       "      <td>2018-09-21</td>\n",
       "      <td>70.199997</td>\n",
       "      <td>71.800003</td>\n",
       "      <td>69.980003</td>\n",
       "      <td>70.779999</td>\n",
       "      <td>70.779999</td>\n",
       "      <td>855943.0</td>\n",
       "    </tr>\n",
       "  </tbody>\n",
       "</table>\n",
       "</div>"
      ],
      "text/plain": [
       "        Date       Open       High        Low      Close  Adj Close    Volume\n",
       "0 2018-09-17  68.930000  69.720001  68.529999  68.910004  68.910004  422294.0\n",
       "1 2018-09-18  68.800003  70.419998  68.529999  69.849998  69.849998  234202.0\n",
       "2 2018-09-19  69.709999  71.500000  69.650002  71.120003  71.120003  125208.0\n",
       "3 2018-09-20  71.389999  71.809998  70.730003  70.800003  70.800003  607520.0\n",
       "4 2018-09-21  70.199997  71.800003  69.980003  70.779999  70.779999  855943.0"
      ]
     },
     "execution_count": 3,
     "metadata": {},
     "output_type": "execute_result"
    }
   ],
   "source": [
    "df_original.Date=pd.to_datetime(df_original.Date)\n",
    "df_original.head()"
   ]
  },
  {
   "cell_type": "code",
   "execution_count": 6,
   "metadata": {},
   "outputs": [
    {
     "data": {
      "text/html": [
       "<div>\n",
       "<style scoped>\n",
       "    .dataframe tbody tr th:only-of-type {\n",
       "        vertical-align: middle;\n",
       "    }\n",
       "\n",
       "    .dataframe tbody tr th {\n",
       "        vertical-align: top;\n",
       "    }\n",
       "\n",
       "    .dataframe thead th {\n",
       "        text-align: right;\n",
       "    }\n",
       "</style>\n",
       "<table border=\"1\" class=\"dataframe\">\n",
       "  <thead>\n",
       "    <tr style=\"text-align: right;\">\n",
       "      <th></th>\n",
       "      <th>time</th>\n",
       "      <th>crude oil close</th>\n",
       "      <th>crude oil volume</th>\n",
       "    </tr>\n",
       "  </thead>\n",
       "  <tbody>\n",
       "    <tr>\n",
       "      <th>30</th>\n",
       "      <td>2018-10-22</td>\n",
       "      <td>69.169998</td>\n",
       "      <td>513770.0</td>\n",
       "    </tr>\n",
       "    <tr>\n",
       "      <th>31</th>\n",
       "      <td>2018-10-23</td>\n",
       "      <td>66.430000</td>\n",
       "      <td>853265.0</td>\n",
       "    </tr>\n",
       "    <tr>\n",
       "      <th>32</th>\n",
       "      <td>2018-10-24</td>\n",
       "      <td>66.820000</td>\n",
       "      <td>775963.0</td>\n",
       "    </tr>\n",
       "    <tr>\n",
       "      <th>33</th>\n",
       "      <td>2018-10-25</td>\n",
       "      <td>67.330002</td>\n",
       "      <td>573096.0</td>\n",
       "    </tr>\n",
       "    <tr>\n",
       "      <th>34</th>\n",
       "      <td>2018-10-26</td>\n",
       "      <td>67.589996</td>\n",
       "      <td>595211.0</td>\n",
       "    </tr>\n",
       "  </tbody>\n",
       "</table>\n",
       "</div>"
      ],
      "text/plain": [
       "         time  crude oil close  crude oil volume\n",
       "30 2018-10-22        69.169998          513770.0\n",
       "31 2018-10-23        66.430000          853265.0\n",
       "32 2018-10-24        66.820000          775963.0\n",
       "33 2018-10-25        67.330002          573096.0\n",
       "34 2018-10-26        67.589996          595211.0"
      ]
     },
     "execution_count": 6,
     "metadata": {},
     "output_type": "execute_result"
    }
   ],
   "source": [
    "# Slice the data\n",
    "from datetime import datetime\n",
    "\n",
    "lastday='2018-10-22'\n",
    "\n",
    "df = df_original[(df_original.Date >= lastday)]\n",
    "df1 =df.drop(columns=['Open','High','Low',\"Close\"])\n",
    "df1.columns=['time','crude oil close','crude oil volume']\n",
    "df1.head()"
   ]
  },
  {
   "cell_type": "code",
   "execution_count": 7,
   "metadata": {},
   "outputs": [
    {
     "data": {
      "text/html": [
       "<div>\n",
       "<style scoped>\n",
       "    .dataframe tbody tr th:only-of-type {\n",
       "        vertical-align: middle;\n",
       "    }\n",
       "\n",
       "    .dataframe tbody tr th {\n",
       "        vertical-align: top;\n",
       "    }\n",
       "\n",
       "    .dataframe thead th {\n",
       "        text-align: right;\n",
       "    }\n",
       "</style>\n",
       "<table border=\"1\" class=\"dataframe\">\n",
       "  <thead>\n",
       "    <tr style=\"text-align: right;\">\n",
       "      <th></th>\n",
       "      <th>crude oil close</th>\n",
       "      <th>crude oil volume</th>\n",
       "    </tr>\n",
       "    <tr>\n",
       "      <th>time</th>\n",
       "      <th></th>\n",
       "      <th></th>\n",
       "    </tr>\n",
       "  </thead>\n",
       "  <tbody>\n",
       "    <tr>\n",
       "      <th>2018-10-22</th>\n",
       "      <td>69.169998</td>\n",
       "      <td>513770.0</td>\n",
       "    </tr>\n",
       "    <tr>\n",
       "      <th>2018-10-23</th>\n",
       "      <td>66.430000</td>\n",
       "      <td>853265.0</td>\n",
       "    </tr>\n",
       "    <tr>\n",
       "      <th>2018-10-24</th>\n",
       "      <td>66.820000</td>\n",
       "      <td>775963.0</td>\n",
       "    </tr>\n",
       "    <tr>\n",
       "      <th>2018-10-25</th>\n",
       "      <td>67.330002</td>\n",
       "      <td>573096.0</td>\n",
       "    </tr>\n",
       "    <tr>\n",
       "      <th>2018-10-26</th>\n",
       "      <td>67.589996</td>\n",
       "      <td>595211.0</td>\n",
       "    </tr>\n",
       "  </tbody>\n",
       "</table>\n",
       "</div>"
      ],
      "text/plain": [
       "            crude oil close  crude oil volume\n",
       "time                                         \n",
       "2018-10-22        69.169998          513770.0\n",
       "2018-10-23        66.430000          853265.0\n",
       "2018-10-24        66.820000          775963.0\n",
       "2018-10-25        67.330002          573096.0\n",
       "2018-10-26        67.589996          595211.0"
      ]
     },
     "execution_count": 7,
     "metadata": {},
     "output_type": "execute_result"
    }
   ],
   "source": [
    "df2=df1.set_index('time')\n",
    "df2.head()"
   ]
  },
  {
   "cell_type": "code",
   "execution_count": 8,
   "metadata": {},
   "outputs": [],
   "source": [
    "df2.to_csv(\"C:\\\\Users\\\\mohua\\\\OneDrive\\\\Documents\\\\capstone3\\\\dataset\\\\crude.csv\")"
   ]
  }
 ],
 "metadata": {
  "kernelspec": {
   "display_name": "Python 3",
   "language": "python",
   "name": "python3"
  },
  "language_info": {
   "codemirror_mode": {
    "name": "ipython",
    "version": 3
   },
   "file_extension": ".py",
   "mimetype": "text/x-python",
   "name": "python",
   "nbconvert_exporter": "python",
   "pygments_lexer": "ipython3",
   "version": "3.7.7"
  }
 },
 "nbformat": 4,
 "nbformat_minor": 4
}
